[PC300495.JPG]
filters=unsharp2=1,3.000000;
moddate=88d1967a8f14cc01
width=2448
height=3264
textactive=0
[PC300492.JPG]
filters=unsharp2=1,2.754386;
moddate=227a1f689014cc01
width=2448
height=3264
textactive=0
